0 0 -375
0 1 25
0 5 25
0 25 25
1 0 25
1 1 -100
1 2 25
1 6 25
1 26 25
2 1 25
2 2 -100
2 3 25
2 7 25
2 27 25
3 2 25
3 3 -100
3 4 25
3 8 25
3 28 25
4 3 25
4 4 -75
4 9 25
4 29 25
5 0 25
5 5 -100
5 6 25
5 10 25
5 30 25
6 1 25
6 5 25
6 6 -125
6 7 25
6 11 25
6 31 25
7 2 25
7 6 25
7 7 -125
7 8 25
7 12 25
7 32 25
8 3 25
8 7 25
8 8 -125
8 9 25
8 13 25
8 33 25
9 4 25
9 8 25
9 9 -100
9 14 25
9 34 25
10 5 25
10 10 -100
10 11 25
10 15 25
10 35 25
11 6 25
11 10 25
11 11 -125
11 12 25
11 16 25
11 36 25
12 7 25
12 11 25
12 12 -125
12 13 25
12 17 25
12 37 25
13 8 25
13 12 25
13 13 -125
13 14 25
13 18 25
13 38 25
14 9 25
14 13 25
14 14 -100
14 19 25
14 39 25
15 10 25
15 15 -100
15 16 25
15 20 25
15 40 25
16 11 25
16 15 25
16 16 -125
16 17 25
16 21 25
16 41 25
17 12 25
17 16 25
17 17 -125
17 18 25
17 22 25
17 42 25
18 13 25
18 17 25
18 18 -125
18 19 25
18 23 25
18 43 25
19 14 25
19 18 25
19 19 -100
19 24 25
19 44 25
20 15 25
20 20 -75
20 21 25
20 45 25
21 16 25
21 20 25
21 21 -100
21 22 25
21 46 25
22 17 25
22 21 25
22 22 -100
22 23 25
22 47 25
23 18 25
23 22 25
23 23 -100
23 24 25
23 48 25
24 19 25
24 23 25
24 24 -75
24 49 25
25 0 25
25 25 -100
25 26 25
25 30 25
25 50 25
26 1 25
26 25 25
26 26 -125
26 27 25
26 31 25
26 51 25
27 2 25
27 26 25
27 27 -125
27 28 25
27 32 25
27 52 25
28 3 25
28 27 25
28 28 -125
28 29 25
28 33 25
28 53 25
29 4 25
29 28 25
29 29 -100
29 34 25
29 54 25
30 5 25
30 25 25
30 30 -125
30 31 25
30 35 25
30 55 25
31 6 25
31 26 25
31 30 25
31 31 -150
31 32 25
31 36 25
31 56 25
32 7 25
32 27 25
32 31 25
32 32 -150
32 33 25
32 37 25
32 57 25
33 8 25
33 28 25
33 32 25
33 33 -150
33 34 25
33 38 25
33 58 25
34 9 25
34 29 25
34 33 25
34 34 -125
34 39 25
34 59 25
35 10 25
35 30 25
35 35 -125
35 36 25
35 40 25
35 60 25
36 11 25
36 31 25
36 35 25
36 36 -150
36 37 25
36 41 25
36 61 25
37 12 25
37 32 25
37 36 25
37 37 -150
37 38 25
37 42 25
37 62 25
38 13 25
38 33 25
38 37 25
38 38 -150
38 39 25
38 43 25
38 63 25
39 14 25
39 34 25
39 38 25
39 39 -125
39 44 25
39 64 25
40 15 25
40 35 25
40 40 -125
40 41 25
40 45 25
40 65 25
41 16 25
41 36 25
41 40 25
41 41 -150
41 42 25
41 46 25
41 66 25
42 17 25
42 37 25
42 41 25
42 42 -150
42 43 25
42 47 25
42 67 25
43 18 25
43 38 25
43 42 25
43 43 -150
43 44 25
43 48 25
43 68 25
44 19 25
44 39 25
44 43 25
44 44 -125
44 49 25
44 69 25
45 20 25
45 40 25
45 45 -100
45 46 25
45 70 25
46 21 25
46 41 25
46 45 25
46 46 -125
46 47 25
46 71 25
47 22 25
47 42 25
47 46 25
47 47 -125
47 48 25
47 72 25
48 23 25
48 43 25
48 47 25
48 48 -125
48 49 25
48 73 25
49 24 25
49 44 25
49 48 25
49 49 -100
49 74 25
50 25 25
50 50 -100
50 51 25
50 55 25
50 75 25
51 26 25
51 50 25
51 51 -125
51 52 25
51 56 25
51 76 25
52 27 25
52 51 25
52 52 -125
52 53 25
52 57 25
52 77 25
53 28 25
53 52 25
53 53 -125
53 54 25
53 58 25
53 78 25
54 29 25
54 53 25
54 54 -100
54 59 25
54 79 25
55 30 25
55 50 25
55 55 -125
55 56 25
55 60 25
55 80 25
56 31 25
56 51 25
56 55 25
56 56 -150
56 57 25
56 61 25
56 81 25
57 32 25
57 52 25
57 56 25
57 57 -150
57 58 25
57 62 25
57 82 25
58 33 25
58 53 25
58 57 25
58 58 -150
58 59 25
58 63 25
58 83 25
59 34 25
59 54 25
59 58 25
59 59 -125
59 64 25
59 84 25
60 35 25
60 55 25
60 60 -125
60 61 25
60 65 25
60 85 25
61 36 25
61 56 25
61 60 25
61 61 -150
61 62 25
61 66 25
61 86 25
62 37 25
62 57 25
62 61 25
62 62 -150
62 63 25
62 67 25
62 87 25
63 38 25
63 58 25
63 62 25
63 63 -150
63 64 25
63 68 25
63 88 25
64 39 25
64 59 25
64 63 25
64 64 -125
64 69 25
64 89 25
65 40 25
65 60 25
65 65 -125
65 66 25
65 70 25
65 90 25
66 41 25
66 61 25
66 65 25
66 66 -150
66 67 25
66 71 25
66 91 25
67 42 25
67 62 25
67 66 25
67 67 -150
67 68 25
67 72 25
67 92 25
68 43 25
68 63 25
68 67 25
68 68 -150
68 69 25
68 73 25
68 93 25
69 44 25
69 64 25
69 68 25
69 69 -125
69 74 25
69 94 25
70 45 25
70 65 25
70 70 -100
70 71 25
70 95 25
71 46 25
71 66 25
71 70 25
71 71 -125
71 72 25
71 96 25
72 47 25
72 67 25
72 71 25
72 72 -125
72 73 25
72 97 25
73 48 25
73 68 25
73 72 25
73 73 -125
73 74 25
73 98 25
74 49 25
74 69 25
74 73 25
74 74 -100
74 99 25
75 50 25
75 75 -100
75 76 25
75 80 25
75 100 25
76 51 25
76 75 25
76 76 -125
76 77 25
76 81 25
76 101 25
77 52 25
77 76 25
77 77 -125
77 78 25
77 82 25
77 102 25
78 53 25
78 77 25
78 78 -125
78 79 25
78 83 25
78 103 25
79 54 25
79 78 25
79 79 -100
79 84 25
79 104 25
80 55 25
80 75 25
80 80 -125
80 81 25
80 85 25
80 105 25
81 56 25
81 76 25
81 80 25
81 81 -150
81 82 25
81 86 25
81 106 25
82 57 25
82 77 25
82 81 25
82 82 -150
82 83 25
82 87 25
82 107 25
83 58 25
83 78 25
83 82 25
83 83 -150
83 84 25
83 88 25
83 108 25
84 59 25
84 79 25
84 83 25
84 84 -125
84 89 25
84 109 25
85 60 25
85 80 25
85 85 -125
85 86 25
85 90 25
85 110 25
86 61 25
86 81 25
86 85 25
86 86 -150
86 87 25
86 91 25
86 111 25
87 62 25
87 82 25
87 86 25
87 87 -150
87 88 25
87 92 25
87 112 25
88 63 25
88 83 25
88 87 25
88 88 -150
88 89 25
88 93 25
88 113 25
89 64 25
89 84 25
89 88 25
89 89 -125
89 94 25
89 114 25
90 65 25
90 85 25
90 90 -125
90 91 25
90 95 25
90 115 25
91 66 25
91 86 25
91 90 25
91 91 -150
91 92 25
91 96 25
91 116 25
92 67 25
92 87 25
92 91 25
92 92 -150
92 93 25
92 97 25
92 117 25
93 68 25
93 88 25
93 92 25
93 93 -150
93 94 25
93 98 25
93 118 25
94 69 25
94 89 25
94 93 25
94 94 -125
94 99 25
94 119 25
95 70 25
95 90 25
95 95 -100
95 96 25
95 120 25
96 71 25
96 91 25
96 95 25
96 96 -125
96 97 25
96 121 25
97 72 25
97 92 25
97 96 25
97 97 -125
97 98 25
97 122 25
98 73 25
98 93 25
98 97 25
98 98 -125
98 99 25
98 123 25
99 74 25
99 94 25
99 98 25
99 99 -100
99 124 25
100 75 25
100 100 -75
100 101 25
100 105 25
101 76 25
101 100 25
101 101 -100
101 102 25
101 106 25
102 77 25
102 101 25
102 102 -100
102 103 25
102 107 25
103 78 25
103 102 25
103 103 -100
103 104 25
103 108 25
104 79 25
104 103 25
104 104 -75
104 109 25
105 80 25
105 100 25
105 105 -100
105 106 25
105 110 25
106 81 25
106 101 25
106 105 25
106 106 -125
106 107 25
106 111 25
107 82 25
107 102 25
107 106 25
107 107 -125
107 108 25
107 112 25
108 83 25
108 103 25
108 107 25
108 108 -125
108 109 25
108 113 25
109 84 25
109 104 25
109 108 25
109 109 -100
109 114 25
110 85 25
110 105 25
110 110 -100
110 111 25
110 115 25
111 86 25
111 106 25
111 110 25
111 111 -125
111 112 25
111 116 25
112 87 25
112 107 25
112 111 25
112 112 -125
112 113 25
112 117 25
113 88 25
113 108 25
113 112 25
113 113 -125
113 114 25
113 118 25
114 89 25
114 109 25
114 113 25
114 114 -100
114 119 25
115 90 25
115 110 25
115 115 -100
115 116 25
115 120 25
116 91 25
116 111 25
116 115 25
116 116 -125
116 117 25
116 121 25
117 92 25
117 112 25
117 116 25
117 117 -125
117 118 25
117 122 25
118 93 25
118 113 25
118 117 25
118 118 -125
118 119 25
118 123 25
119 94 25
119 114 25
119 118 25
119 119 -100
119 124 25
120 95 25
120 115 25
120 120 -75
120 121 25
121 96 25
121 116 25
121 120 25
121 121 -100
121 122 25
122 97 25
122 117 25
122 121 25
122 122 -100
122 123 25
123 98 25
123 118 25
123 122 25
123 123 -100
123 124 25
124 99 25
124 119 25
124 123 25
124 124 -75
