0.05 0.05 0.05 -0.000260875 0.31262 0.344472 0.344472
0.05 0.05 0.15 -0.689206 0.538425 0.480791 0.669728
0.05 0.05 0.25 -1.33972 0.508683 0.584448 0.55738
0.05 0.05 0.35 -1.80397 0.467583 0.64533 0.351334
0.05 0.05 0.45 -2.04239 0.44634 0.672832 0.119247
0.05 0.05 0.55 -2.04246 0.446335 0.672827 -0.119089
0.05 0.05 0.65 -1.80421 0.467564 0.645311 -0.351128
0.05 0.05 0.75 -1.3402 0.508632 0.584397 -0.557035
0.05 0.05 0.85 -0.690139 0.538273 0.48064 -0.668979
0.05 0.05 0.95 -0.00224534 0.3121 0.343952 -0.343947
0.05 0.15 0.05 -0.689206 0.538425 0.669728 0.480791
0.05 0.15 0.15 -1.65079 1.10375 0.909704 0.909704
0.05 0.15 0.25 -2.50861 1.19456 1.11024 0.721918
0.05 0.15 0.35 -3.09462 1.2011 1.23586 0.439718
0.05 0.15 0.45 -3.38805 1.19766 1.29468 0.146745
0.05 0.15 0.55 -3.38811 1.19766 1.29467 -0.14661
0.05 0.15 0.65 -3.09483 1.20108 1.23581 -0.439558
0.05 0.15 0.75 -2.509 1.19453 1.11014 -0.721706
0.05 0.15 0.85 -1.65142 1.10368 0.909441 -0.909424
0.05 0.15 0.95 -0.69015 0.538273 0.668997 -0.480634
0.05 0.25 0.05 -1.33972 0.508683 0.55738 0.584448
0.05 0.25 0.15 -2.50861 1.19456 0.721918 1.11024
0.05 0.25 0.25 -3.5602 1.33612 0.883531 0.883531
0.05 0.25 0.35 -4.27568 1.36539 0.995362 0.535773
0.05 0.25 0.45 -4.63175 1.37112 1.05059 0.178063
0.05 0.25 0.55 -4.6318 1.37112 1.05058 -0.177959
0.05 0.25 0.65 -4.27583 1.36538 0.995317 -0.535661
0.05 0.25 0.75 -3.56048 1.3361 0.883435 -0.883406
0.05 0.25 0.85 -2.50902 1.19453 0.721736 -1.11012
0.05 0.25 0.95 -1.34024 0.508631 0.557066 -0.584391
0.05 0.35 0.05 -1.80397 0.467583 0.351334 0.64533
0.05 0.35 0.15 -3.09462 1.2011 0.439718 1.23586
0.05 0.35 0.25 -4.27568 1.36539 0.535773 0.995362
0.05 0.35 0.35 -5.08535 1.40579 0.606776 0.606776
0.05 0.35 0.45 -5.48923 1.41626 0.64314 0.201958
0.05 0.35 0.55 -5.48926 1.41625 0.643128 -0.201881
0.05 0.35 0.65 -5.08546 1.40579 0.606738 -0.606698
0.05 0.35 0.75 -4.27587 1.36538 0.535702 -0.995287
0.05 0.35 0.85 -3.09489 1.20108 0.439603 -1.23579
0.05 0.35 0.95 -1.80428 0.467561 0.351175 -0.645304
0.05 0.45 0.05 -2.04239 0.44634 0.119247 0.672832
0.05 0.45 0.15 -3.38805 1.19766 0.146745 1.29468
0.05 0.45 0.25 -4.63175 1.37112 0.178063 1.05059
0.05 0.45 0.35 -5.48923 1.41626 0.201958 0.64314
0.05 0.45 0.45 -5.91803 1.42877 0.214415 0.214415
0.05 0.45 0.55 -5.91806 1.42877 0.214406 -0.21436
0.05 0.45 0.65 -5.48931 1.41625 0.20193 -0.643086
0.05 0.45 0.75 -4.63188 1.37112 0.178014 -1.05054
0.05 0.45 0.85 -3.38823 1.19765 0.146673 -1.29465
0.05 0.45 0.95 -2.04259 0.44633 0.119158 -0.672819
0.05 0.55 0.05 -2.04246 0.446335 -0.119089 0.672827
0.05 0.55 0.15 -3.38811 1.19766 -0.14661 1.29467
0.05 0.55 0.25 -4.6318 1.37112 -0.177959 1.05058
0.05 0.55 0.35 -5.48926 1.41625 -0.201881 0.643128
0.05 0.55 0.45 -5.91806 1.42877 -0.21436 0.214406
0.05 0.55 0.55 -5.91808 1.42877 -0.214367 -0.214367
0.05 0.55 0.65 -5.48932 1.41625 -0.201901 -0.643091
0.05 0.55 0.75 -4.6319 1.37112 -0.177992 -1.05054
0.05 0.55 0.85 -3.38824 1.19765 -0.146655 -1.29465
0.05 0.55 0.95 -2.0426 0.44633 -0.119143 -0.672819
0.05 0.65 0.05 -1.80421 0.467564 -0.351128 0.645311
0.05 0.65 0.15 -3.09483 1.20108 -0.439558 1.23581
0.05 0.65 0.25 -4.27583 1.36538 -0.535661 0.995317
0.05 0.65 0.35 -5.08546 1.40579 -0.606698 0.606738
0.05 0.65 0.45 -5.48931 1.41625 -0.643086 0.20193
0.05 0.65 0.55 -5.48932 1.41625 -0.643091 -0.201901
0.05 0.65 0.65 -5.08551 1.40579 -0.606712 -0.606712
0.05 0.65 0.75 -4.2759 1.36538 -0.535682 -0.995295
0.05 0.65 0.85 -3.09492 1.20108 -0.439587 -1.2358
0.05 0.65 0.95 -1.8043 0.467561 -0.351161 -0.645306
0.05 0.75 0.05 -1.3402 0.508632 -0.557035 0.584397
0.05 0.75 0.15 -2.509 1.19453 -0.721706 1.11014
0.05 0.75 0.25 -3.56048 1.3361 -0.883406 0.883435
0.05 0.75 0.35 -4.27587 1.36538 -0.995287 0.535702
0.05 0.75 0.45 -4.63188 1.37112 -1.05054 0.178014
0.05 0.75 0.55 -4.6319 1.37112 -1.05054 -0.177992
0.05 0.75 0.65 -4.2759 1.36538 -0.995295 -0.535682
0.05 0.75 0.75 -3.56053 1.3361 -0.883419 -0.883419
0.05 0.75 0.85 -2.50906 1.19453 -0.721723 -1.11013
0.05 0.75 0.95 -1.34028 0.50863 -0.557054 -0.584393
0.05 0.85 0.05 -0.690139 0.538273 -0.668979 0.48064
0.05 0.85 0.15 -1.65142 1.10368 -0.909424 0.909441
0.05 0.85 0.25 -2.50902 1.19453 -1.11012 0.721736
0.05 0.85 0.35 -3.09489 1.20108 -1.23579 0.439603
0.05 0.85 0.45 -3.38823 1.19765 -1.29465 0.146673
0.05 0.85 0.55 -3.38824 1.19765 -1.29465 -0.146655
0.05 0.85 0.65 -3.09492 1.20108 -1.2358 -0.439587
0.05 0.85 0.75 -2.50906 1.19453 -1.11013 -0.721723
0.05 0.85 0.85 -1.65147 1.10368 -0.909433 -0.909433
0.05 0.85 0.95 -0.690196 0.538272 -0.66899 -0.480637
0.05 0.95 0.05 -0.00224534 0.3121 -0.343947 0.343952
0.05 0.95 0.15 -0.69015 0.538273 -0.480634 0.668997
0.05 0.95 0.25 -1.34024 0.508631 -0.584391 0.557066
0.05 0.95 0.35 -1.80428 0.467561 -0.645304 0.351175
0.05 0.95 0.45 -2.04259 0.44633 -0.672819 0.119158
0.05 0.95 0.55 -2.0426 0.44633 -0.672819 -0.119143
0.05 0.95 0.65 -1.8043 0.467561 -0.645306 -0.351161
0.05 0.95 0.75 -1.34028 0.50863 -0.584393 -0.557054
0.05 0.95 0.85 -0.690196 0.538272 -0.480637 -0.66899
0.05 0.95 0.95 -0.0022962 0.312099 -0.34395 -0.34395
0.15 0.05 0.05 2.46516 -0.52194 0.0735897 0.0735897
0.15 0.05 0.15 2.31798 -0.0928656 0.0923998 0.224493
0.15 0.05 0.25 2.01617 -0.100934 0.12826 0.291847
0.15 0.05 0.35 1.73428 -0.163203 0.158543 0.221711
0.15 0.05 0.45 1.57275 -0.201248 0.174661 0.0807998
0.15 0.05 0.55 1.57268 -0.201259 0.174658 -0.080665
0.15 0.05 0.65 1.73408 -0.163246 0.158529 -0.221552
0.15 0.05 0.75 2.01579 -0.101039 0.128227 -0.291635
0.15 0.05 0.85 2.31735 -0.0931287 0.0923264 -0.224212
0.15 0.05 0.95 2.46421 -0.522672 0.0734381 -0.0734326
0.15 0.15 0.05 2.31798 -0.0928656 0.224493 0.0923998
0.15 0.15 0.15 2.13318 1.01878 0.279163 0.279163
0.15 0.15 0.25 1.75965 1.29921 0.361967 0.35799
0.15 0.15 0.35 1.4172 1.3635 0.430121 0.268113
0.15 0.15 0.45 1.22343 1.37507 0.466426 0.0969144
0.15 0.15 0.55 1.22337 1.37506 0.466417 -0.0967973
0.15 0.15 0.65 1.41702 1.36346 0.430088 -0.267983
0.15 0.15 0.75 1.75933 1.29914 0.361895 -0.357837
0.15 0.15 0.85 2.1327 1.01864 0.279018 -0.279001
0.15 0.15 0.95 2.31734 -0.0931296 0.224229 -0.0923208
0.15 0.25 0.05 2.01617 -0.100934 0.291847 0.12826
0.15 0.25 0.15 1.75965 1.29921 0.35799 0.361967
0.15 0.25 0.25 1.29224 1.72145 0.442805 0.442805
0.15 0.25 0.35 0.874042 1.85464 0.511314 0.326171
0.15 0.25 0.45 0.639897 1.89483 0.547996 0.117095
0.15 0.25 0.55 0.639851 1.89482 0.547985 -0.117003
0.15 0.25 0.65 0.873902 1.85462 0.511278 -0.326074
0.15 0.25 0.75 1.292 1.72141 0.442733 -0.442705
0.15 0.25 0.85 1.75931 1.29913 0.357866 -0.361878
0.15 0.25 0.95 2.01575 -0.101042 0.291664 -0.128221
0.15 0.35 0.05 1.73428 -0.163203 0.221711 0.158543
0.15 0.35 0.15 1.4172 1.3635 0.268113 0.430121
0.15 0.35 0.25 0.874042 1.85464 0.326171 0.511314
0.15 0.35 0.35 0.394569 2.02392 0.373304 0.373304
0.15 0.35 0.45 0.127435 2.07977 0.398755 0.133585
0.15 0.35 0.55 0.1274 2.07976 0.398745 -0.133515
0.15 0.35 0.65 0.394465 2.02391 0.373272 -0.373235
0.15 0.35 0.75 0.873869 1.85461 0.326112 -0.51125
0.15 0.35 0.85 1.41696 1.36346 0.268024 -0.43007
0.15 0.35 0.95 1.73401 -0.163252 0.221595 -0.158523
0.15 0.45 0.05 1.57275 -0.201248 0.0807998 0.174661
0.15 0.45 0.15 1.22343 1.37507 0.0969144 0.466426
0.15 0.45 0.25 0.639897 1.89483 0.117095 0.547996
0.15 0.45 0.35 0.127435 2.07977 0.133585 0.398755
0.15 0.45 0.45 -0.157612 2.14257 0.142536 0.142536
0.15 0.45 0.55 -0.157638 2.14256 0.142528 -0.142485
0.15 0.45 0.65 0.127358 2.07976 0.13356 -0.398706
0.15 0.45 0.75 0.639774 1.89481 0.117053 -0.547953
0.15 0.45 0.85 1.22326 1.37505 0.0968541 -0.466395
0.15 0.45 0.95 1.57256 -0.201272 0.0807267 -0.17465
0.15 0.55 0.05 1.57268 -0.201259 -0.080665 0.174658
0.15 0.55 0.15 1.22337 1.37506 -0.0967973 0.466417
0.15 0.55 0.25 0.639851 1.89482 -0.117003 0.547985
0.15 0.55 0.35 0.1274 2.07976 -0.133515 0.398745
0.15 0.55 0.45 -0.157638 2.14256 -0.142485 0.142528
0.15 0.55 0.55 -0.157657 2.14256 -0.142491 -0.142491
0.15 0.55 0.65 0.127345 2.07976 -0.133533 -0.39871
0.15 0.55 0.75 0.639763 1.89481 -0.117032 -0.547956
0.15 0.55 0.85 1.22326 1.37505 -0.0968372 -0.466397
0.15 0.55 0.95 1.57256 -0.201272 -0.0807116 -0.17465
0.15 0.65 0.05 1.73408 -0.163246 -0.221552 0.158529
0.15 0.65 0.15 1.41702 1.36346 -0.267983 0.430088
0.15 0.65 0.25 0.873902 1.85462 -0.326074 0.511278
0.15 0.65 0.35 0.394465 2.02391 -0.373235 0.373272
0.15 0.65 0.45 0.127358 2.07976 -0.398706 0.13356
0.15 0.65 0.55 0.127345 2.07976 -0.39871 -0.133533
0.15 0.65 0.65 0.394424 2.02391 -0.373247 -0.373247
0.15 0.65 0.75 0.873838 1.85461 -0.326093 -0.511257
0.15 0.65 0.85 1.41694 1.36346 -0.268009 -0.430075
0.15 0.65 0.95 1.73399 -0.163253 -0.221582 -0.158524
0.15 0.75 0.05 2.01579 -0.101039 -0.291635 0.128227
0.15 0.75 0.15 1.75933 1.29914 -0.357837 0.361895
0.15 0.75 0.25 1.292 1.72141 -0.442705 0.442733
0.15 0.75 0.35 0.873869 1.85461 -0.51125 0.326112
0.15 0.75 0.45 0.639774 1.89481 -0.547953 0.117053
0.15 0.75 0.55 0.639763 1.89481 -0.547956 -0.117032
0.15 0.75 0.65 0.873838 1.85461 -0.511257 -0.326093
0.15 0.75 0.75 1.29195 1.7214 -0.442717 -0.442717
0.15 0.75 0.85 1.75927 1.29913 -0.357853 -0.361885
0.15 0.75 0.95 2.01572 -0.101043 -0.291653 -0.128223
0.15 0.85 0.05 2.31735 -0.0931287 -0.224212 0.0923264
0.15 0.85 0.15 2.1327 1.01864 -0.279001 0.279018
0.15 0.85 0.25 1.75931 1.29913 -0.361878 0.357866
0.15 0.85 0.35 1.41696 1.36346 -0.43007 0.268024
0.15 0.85 0.45 1.22326 1.37505 -0.466395 0.0968541
0.15 0.85 0.55 1.22326 1.37505 -0.466397 -0.0968372
0.15 0.85 0.65 1.41694 1.36346 -0.430075 -0.268009
0.15 0.85 0.75 1.75927 1.29913 -0.361885 -0.357853
0.15 0.85 0.85 2.13265 1.01863 -0.27901 -0.27901
0.15 0.85 0.95 2.31729 -0.0931317 -0.224222 -0.0923236
0.15 0.95 0.05 2.46421 -0.522672 -0.0734326 0.0734381
0.15 0.95 0.15 2.31734 -0.0931296 -0.0923208 0.224229
0.15 0.95 0.25 2.01575 -0.101042 -0.128221 0.291664
0.15 0.95 0.35 1.73401 -0.163252 -0.158523 0.221595
0.15 0.95 0.45 1.57256 -0.201272 -0.17465 0.0807267
0.15 0.95 0.55 1.57256 -0.201272 -0.17465 -0.0807116
0.15 0.95 0.65 1.73399 -0.163253 -0.158524 -0.221582
0.15 0.95 0.75 2.01572 -0.101043 -0.128223 -0.291653
0.15 0.95 0.85 2.31729 -0.0931317 -0.0923236 -0.224222
0.15 0.95 0.95 2.46416 -0.522674 -0.0734357 -0.0734357
0.25 0.05 0.05 3.71489 -0.637269 -0.0159261 -0.0159261
0.25 0.05 0.15 3.74674 -0.279674 -0.0374065 0.0226467
0.25 0.05 0.25 3.6696 -0.199139 -0.0403698 0.0974183
0.25 0.05 0.35 3.55191 -0.208523 -0.0340669 0.0987082
0.25 0.05 0.45 3.47218 -0.226713 -0.0286267 0.0398882
0.25 0.05 0.55 3.47213 -0.226726 -0.0286293 -0.039784
0.25 0.05 0.65 3.55175 -0.208568 -0.0340757 -0.0985957
0.25 0.05 0.75 3.66932 -0.199234 -0.040388 -0.0972936
0.25 0.05 0.85 3.74634 -0.279856 -0.0374398 -0.022524
0.25 0.05 0.95 3.71437 -0.637583 -0.0159784 0.0159834
0.25 0.15 0.05 3.74674 -0.279674 0.0226467 -0.0374065
0.25 0.15 0.15 3.82156 0.684019 -0.00179704 -0.00179704
0.25 0.15 0.25 3.75034 1.09502 0.00399208 0.100758
0.25 0.15 0.35 3.62004 1.25341 0.0231049 0.110451
0.25 0.15 0.45 3.52943 1.30583 0.0370246 0.0453257
0.25 0.15 0.55 3.52939 1.30582 0.037018 -0.045233
0.25 0.15 0.65 3.6199 1.25337 0.0230831 -0.110354
0.25 0.15 0.75 3.7501 1.09495 0.00394903 -0.100658
0.25 0.15 0.85 3.82122 0.683894 -0.00187068 0.0018857
0.25 0.15 0.95 3.74633 -0.279857 0.0225391 0.0374448
0.25 0.25 0.05 3.6696 -0.199139 0.0974183 -0.0403698
0.25 0.25 0.15 3.75034 1.09502 0.100758 0.00399208
0.25 0.25 0.25 3.66161 1.70347 0.12232 0.12232
0.25 0.25 0.35 3.5057 1.96872 0.148301 0.131741
0.25 0.25 0.45 3.39813 2.06771 0.164764 0.0538014
0.25 0.25 0.55 3.39809 2.0677 0.164756 -0.0537255
0.25 0.25 0.65 3.50558 1.96869 0.148275 -0.131665
0.25 0.25 0.75 3.66142 1.70342 0.122272 -0.122247
0.25 0.25 0.85 3.75008 1.09495 0.100683 -0.00393391
0.25 0.25 0.95 3.66929 -0.199238 0.0973193 0.0403931
0.25 0.35 0.05 3.55191 -0.208523 0.0987082 -0.0340669
0.25 0.35 0.15 3.62004 1.25341 0.110451 0.0231049
0.25 0.35 0.25 3.5057 1.96872 0.131741 0.148301
0.25 0.35 0.35 3.32344 2.29499 0.152895 0.152895
0.25 0.35 0.45 3.19991 2.42143 0.165568 0.0617806
0.25 0.35 0.55 3.19988 2.42142 0.165561 -0.0617219
0.25 0.35 0.65 3.32335 2.29497 0.152871 -0.152838
0.25 0.35 0.75 3.50555 1.96869 0.131699 -0.14825
0.25 0.35 0.85 3.61985 1.25336 0.11039 -0.0230671
0.25 0.35 0.95 3.55169 -0.208577 0.098633 0.0340812
0.25 0.45 0.05 3.47218 -0.226713 0.0398882 -0.0286267
0.25 0.45 0.15 3.52943 1.30583 0.0453257 0.0370246
0.25 0.45 0.25 3.39813 2.06771 0.0538014 0.164764
0.25 0.45 0.35 3.19991 2.42143 0.0617806 0.165568
0.25 0.45 0.45 3.06699 2.56047 0.0664672 0.0664672
0.25 0.45 0.55 3.06697 2.56047 0.0664608 -0.066423
0.25 0.45 0.65 3.19984 2.42142 0.0617612 -0.165527
0.25 0.45 0.75 3.39803 2.06769 0.0537686 -0.164728
0.25 0.45 0.85 3.5293 1.3058 0.0452806 -0.0369996
0.25 0.45 0.95 3.47202 -0.226742 0.0398348 0.0286358
0.25 0.55 0.05 3.47213 -0.226726 -0.039784 -0.0286293
0.25 0.55 0.15 3.52939 1.30582 -0.045233 0.037018
0.25 0.55 0.25 3.39809 2.0677 -0.0537255 0.164756
0.25 0.55 0.35 3.19988 2.42142 -0.0617219 0.165561
0.25 0.55 0.45 3.06697 2.56047 -0.066423 0.0664608
0.25 0.55 0.55 3.06696 2.56047 -0.0664278 -0.0664278
0.25 0.55 0.65 3.19983 2.42142 -0.0617364 -0.16553
0.25 0.55 0.75 3.39802 2.06769 -0.0537494 -0.16473
0.25 0.55 0.85 3.52929 1.3058 -0.0452648 -0.0370009
0.25 0.55 0.95 3.47202 -0.226743 -0.0398206 0.0286354
0.25 0.65 0.05 3.55175 -0.208568 -0.0985957 -0.0340757
0.25 0.65 0.15 3.6199 1.25337 -0.110354 0.0230831
0.25 0.65 0.25 3.50558 1.96869 -0.131665 0.148275
0.25 0.65 0.35 3.32335 2.29497 -0.152838 0.152871
0.25 0.65 0.45 3.19984 2.42142 -0.165527 0.0617612
0.25 0.65 0.55 3.19983 2.42142 -0.16553 -0.0617364
0.25 0.65 0.65 3.32331 2.29496 -0.152848 -0.152848
0.25 0.65 0.75 3.50552 1.96869 -0.131681 -0.148256
0.25 0.65 0.85 3.61983 1.25336 -0.110376 -0.0230709
0.25 0.65 0.95 3.55167 -0.208578 -0.0986202 0.03408
0.25 0.75 0.05 3.66932 -0.199234 -0.0972936 -0.040388
0.25 0.75 0.15 3.7501 1.09495 -0.100658 0.00394903
0.25 0.75 0.25 3.66142 1.70342 -0.122247 0.122272
0.25 0.75 0.35 3.50555 1.96869 -0.14825 0.131699
0.25 0.75 0.45 3.39803 2.06769 -0.164728 0.0537686
0.25 0.75 0.55 3.39802 2.06769 -0.16473 -0.0537494
0.25 0.75 0.65 3.50552 1.96869 -0.148256 -0.131681
0.25 0.75 0.75 3.66138 1.70342 -0.122258 -0.122258
0.25 0.75 0.85 3.75004 1.09494 -0.100671 -0.00393986
0.25 0.75 0.95 3.66926 -0.199241 -0.0973091 0.0403912
0.25 0.85 0.05 3.74634 -0.279856 -0.022524 -0.0374398
0.25 0.85 0.15 3.82122 0.683894 0.0018857 -0.00187068
0.25 0.85 0.25 3.75008 1.09495 -0.00393391 0.100683
0.25 0.85 0.35 3.61985 1.25336 -0.0230671 0.11039
0.25 0.85 0.45 3.5293 1.3058 -0.0369996 0.0452806
0.25 0.85 0.55 3.52929 1.3058 -0.0370009 -0.0452648
0.25 0.85 0.65 3.61983 1.25336 -0.0230709 -0.110376
0.25 0.85 0.75 3.75004 1.09494 -0.00393986 -0.100671
0.25 0.85 0.85 3.82117 0.68389 0.00187809 0.00187809
0.25 0.85 0.95 3.74628 -0.279861 -0.0225325 0.0374424
0.25 0.95 0.05 3.71437 -0.637583 0.0159834 -0.0159784
0.25 0.95 0.15 3.74633 -0.279857 0.0374448 0.0225391
0.25 0.95 0.25 3.66929 -0.199238 0.0403931 0.0973193
0.25 0.95 0.35 3.55169 -0.208577 0.0340812 0.098633
0.25 0.95 0.45 3.47202 -0.226742 0.0286358 0.0398348
0.25 0.95 0.55 3.47202 -0.226743 0.0286354 -0.0398206
0.25 0.95 0.65 3.55167 -0.208578 0.03408 -0.0986202
0.25 0.95 0.75 3.66926 -0.199241 0.0403912 -0.0973091
0.25 0.95 0.85 3.74628 -0.279861 0.0374424 -0.0225325
0.25 0.95 0.95 3.71432 -0.637587 0.0159806 0.0159806
0.35 0.05 0.05 4.54798 -0.552211 -0.0266041 -0.0266041
0.35 0.05 0.15 4.60119 -0.273376 -0.0471686 -0.0294319
0.35 0.05 0.25 4.60685 -0.138939 -0.0584623 0.0127007
0.35 0.05 0.35 4.57579 -0.0930183 -0.0611682 0.0297678
0.35 0.05 0.45 4.54731 -0.0831613 -0.06087 0.0142583
0.35 0.05 0.55 4.54727 -0.0831729 -0.0608717 -0.0141817
0.35 0.05 0.65 4.57567 -0.0930558 -0.0611735 -0.0296904
0.35 0.05 0.75 4.60665 -0.13901 -0.0584722 -0.0126254
0.35 0.05 0.85 4.60093 -0.273491 -0.0471843 0.0294938
0.35 0.05 0.95 4.54767 -0.552369 -0.0266251 0.0266295
0.35 0.15 0.05 4.60119 -0.273376 -0.0294319 -0.0471686
0.35 0.15 0.15 4.69553 0.47189 -0.0612901 -0.0612901
0.35 0.15 0.25 4.72377 0.914477 -0.0775967 -0.00129884
0.35 0.15 0.35 4.69813 1.13749 -0.0795341 0.02736
0.35 0.15 0.45 4.66905 1.22696 -0.0773511 0.0145547
0.35 0.15 0.55 4.66902 1.22695 -0.0773554 -0.0144851
0.35 0.15 0.65 4.69802 1.13746 -0.0795477 -0.0272909
0.35 0.15 0.75 4.7236 0.914419 -0.0776215 0.00136373
0.35 0.15 0.85 4.69529 0.471801 -0.0613279 0.0613408
0.35 0.15 0.95 4.60092 -0.273492 -0.0294808 0.0471887
0.35 0.25 0.05 4.60685 -0.138939 0.0127007 -0.0584623
0.35 0.25 0.15 4.72377 0.914477 -0.00129884 -0.0775967
0.35 0.25 0.25 4.76204 1.57082 -0.00554325 -0.00554325
0.35 0.25 0.35 4.73486 1.92099 -0.00161396 0.0300134
0.35 0.25 0.45 4.70201 2.06863 0.00282237 0.0164369
0.35 0.25 0.55 4.70198 2.06862 0.00281685 -0.0163782
0.35 0.25 0.65 4.73477 1.92096 -0.00163108 -0.0299565
0.35 0.25 0.75 4.7619 1.57078 -0.00557329 0.00559436
0.35 0.25 0.85 4.72358 0.914416 -0.00134235 0.0776345
0.35 0.25 0.95 4.60663 -0.139014 0.0126471 0.0584766
0.35 0.35 0.05 4.57579 -0.0930183 0.0297678 -0.0611682
0.35 0.35 0.15 4.69813 1.13749 0.02736 -0.0795341
0.35 0.35 0.25 4.73486 1.92099 0.0300134 -0.00161396
0.35 0.35 0.35 4.70135 2.34927 0.0357256 0.0357256
0.35 0.35 0.45 4.66341 2.53338 0.0400169 0.0189855
0.35 0.35 0.55 4.66338 2.53338 0.0400114 -0.0189385
0.35 0.35 0.65 4.70128 2.34925 0.0357089 -0.0356811
0.35 0.35 0.75 4.73474 1.92096 0.029985 0.00165245
0.35 0.35 0.85 4.69798 1.13745 0.0273207 0.0795612
0.35 0.35 0.95 4.57562 -0.093065 0.0297211 0.0611781
0.35 0.45 0.05 4.54731 -0.0831613 0.0142583 -0.06087
0.35 0.45 0.15 4.66905 1.22696 0.0145547 -0.0773511
0.35 0.45 0.25 4.70201 2.06863 0.0164369 0.00282237
0.35 0.45 0.35 4.66341 2.53338 0.0189855 0.0400169
0.35 0.45 0.45 4.62198 2.73477 0.0207227 0.0207227
0.35 0.45 0.55 4.62196 2.73477 0.0207179 -0.0206862
0.35 0.45 0.65 4.66335 2.53337 0.0189713 -0.0399829
0.35 0.45 0.75 4.70193 2.06861 0.0164134 -0.00279386
0.35 0.45 0.85 4.66894 1.22693 0.0145231 0.0773706
0.35 0.45 0.95 4.54719 -0.0831899 0.0142216 0.060877
0.35 0.55 0.05 4.54727 -0.0831729 -0.0141817 -0.0608717
0.35 0.55 0.15 4.66902 1.22695 -0.0144851 -0.0773554
0.35 0.55 0.25 4.70198 2.06862 -0.0163782 0.00281685
0.35 0.55 0.35 4.66338 2.53338 -0.0189385 0.0400114
0.35 0.55 0.45 4.62196 2.73477 -0.0206862 0.0207179
0.35 0.55 0.55 4.62195 2.73476 -0.02069 -0.02069
0.35 0.55 0.65 4.66334 2.53337 -0.0189497 -0.0399857
0.35 0.55 0.75 4.70192 2.06861 -0.0163963 -0.00279572
0.35 0.55 0.85 4.66893 1.22693 -0.0145088 0.0773695
0.35 0.55 0.95 4.54718 -0.0831906 -0.0142087 0.0608767
0.35 0.65 0.05 4.57567 -0.0930558 -0.0296904 -0.0611735
0.35 0.65 0.15 4.69802 1.13746 -0.0272909 -0.0795477
0.35 0.65 0.25 4.73477 1.92096 -0.0299565 -0.00163108
0.35 0.65 0.35 4.70128 2.34925 -0.0356811 0.0357089
0.35 0.65 0.45 4.66335 2.53337 -0.0399829 0.0189713
0.35 0.65 0.55 4.66334 2.53337 -0.0399857 -0.0189497
0.35 0.65 0.65 4.70125 2.34924 -0.0356892 -0.0356892
0.35 0.65 0.75 4.73472 1.92095 -0.0299695 0.00164702
0.35 0.65 0.85 4.69796 1.13745 -0.0273077 0.0795581
0.35 0.65 0.95 4.5756 -0.093067 -0.0297094 0.0611771
0.35 0.75 0.05 4.60665 -0.13901 -0.0126254 -0.0584722
0.35 0.75 0.15 4.7236 0.914419 0.00136373 -0.0776215
0.35 0.75 0.25 4.7619 1.57078 0.00559436 -0.00557329
0.35 0.75 0.35 4.73474 1.92096 0.00165245 0.029985
0.35 0.75 0.45 4.70193 2.06861 -0.00279386 0.0164134
0.35 0.75 0.55 4.70192 2.06861 -0.00279572 -0.0163963
0.35 0.75 0.65 4.73472 1.92095 0.00164702 -0.0299695
0.35 0.75 0.75 4.76186 1.57078 0.00558574 0.00558574
0.35 0.75 0.85 4.72355 0.914412 0.00135267 0.0776296
0.35 0.75 0.95 4.6066 -0.139017 -0.0126378 0.058475
0.35 0.85 0.05 4.60093 -0.273491 0.0294938 -0.0471843
0.35 0.85 0.15 4.69529 0.471801 0.0613408 -0.0613279
0.35 0.85 0.25 4.72358 0.914416 0.0776345 -0.00134235
0.35 0.85 0.35 4.69798 1.13745 0.0795612 0.0273207
0.35 0.85 0.45 4.66894 1.22693 0.0773706 0.0145231
0.35 0.85 0.55 4.66893 1.22693 0.0773695 -0.0145088
0.35 0.85 0.65 4.69796 1.13745 0.0795581 -0.0273077
0.35 0.85 0.75 4.72355 0.914412 0.0776296 0.00135267
0.35 0.85 0.85 4.69525 0.471796 0.0613346 0.0613346
0.35 0.85 0.95 4.60088 -0.273496 0.0294868 0.0471866
0.35 0.95 0.05 4.54767 -0.552369 0.0266295 -0.0266251
0.35 0.95 0.15 4.60092 -0.273492 0.0471887 -0.0294808
0.35 0.95 0.25 4.60663 -0.139014 0.0584766 0.0126471
0.35 0.95 0.35 4.57562 -0.093065 0.0611781 0.0297211
0.35 0.95 0.45 4.54719 -0.0831899 0.060877 0.0142216
0.35 0.95 0.55 4.54718 -0.0831906 0.0608767 -0.0142087
0.35 0.95 0.65 4.5756 -0.093067 0.0611771 -0.0297094
0.35 0.95 0.75 4.6066 -0.139017 0.058475 -0.0126378
0.35 0.95 0.85 4.60088 -0.273496 0.0471866 0.0294868
0.35 0.95 0.95 4.54762 -0.552373 0.0266272 0.0266272
0.45 0.05 0.05 5.17469 -0.477193 -0.0109056 -0.0109056
0.45 0.05 0.15 5.1965 -0.237549 -0.0184721 -0.015777
0.45 0.05 0.25 5.20624 -0.0819765 -0.0235184 -0.00308367
0.45 0.05 0.35 5.20267 -0.00629673 -0.0254486 0.00475717
0.45 0.05 0.45 5.19673 0.020744 -0.0258623 0.00298336
0.45 0.05 0.55 5.1967 0.020735 -0.0258633 -0.00292826
0.45 0.05 0.65 5.20258 -0.00632474 -0.0254517 -0.00470396
0.45 0.05 0.75 5.20611 -0.0820258 -0.0235239 0.00313128
0.45 0.05 0.85 5.19632 -0.23762 -0.0184799 0.0158121
0.45 0.05 0.95 5.17448 -0.477283 -0.0109153 0.010919
0.45 0.15 0.05 5.1965 -0.237549 -0.015777 -0.0184721
0.45 0.15 0.15 5.23344 0.388684 -0.0283898 -0.0283898
0.45 0.15 0.25 5.25328 0.8281 -0.0367097 -0.0100602
0.45 0.15 0.35 5.25356 1.07895 -0.0395764 0.00241333
0.45 0.15 0.45 5.24845 1.18785 -0.0399488 0.00256873
0.45 0.15 0.55 5.24843 1.18784 -0.0399515 -0.00251776
0.45 0.15 0.65 5.25349 1.07893 -0.0395846 -0.00236457
0.45 0.15 0.75 5.25315 0.828057 -0.0367239 0.0101031
0.45 0.15 0.85 5.23328 0.388623 -0.0284098 0.0284206
0.45 0.15 0.95 5.19631 -0.237622 -0.0158013 0.0184836
0.45 0.25 0.05 5.20624 -0.0819765 -0.00308367 -0.0235184
0.45 0.25 0.15 5.25328 0.8281 -0.0100602 -0.0367097
0.45 0.25 0.25 5.27966 1.48115 -0.0142703 -0.0142703
0.45 0.25 0.35 5.28182 1.86613 -0.0150268 0.00151807
0.45 0.25 0.45 5.27662 2.03823 -0.0145665 0.00260824
0.45 0.25 0.55 5.2766 2.03822 -0.0145701 -0.00256406
0.45 0.25 0.65 5.28175 1.86611 -0.0150377 -0.00147638
0.45 0.25 0.75 5.27955 1.48111 -0.0142886 0.0143061
0.45 0.25 0.85 5.25314 0.828054 -0.0100855 0.0367347
0.45 0.25 0.95 5.20609 -0.0820299 -0.00311347 0.0235276
0.45 0.35 0.05 5.20267 -0.00629673 0.00475717 -0.0254486
0.45 0.35 0.15 5.25356 1.07895 0.00241333 -0.0395764
0.45 0.35 0.25 5.28182 1.86613 0.00151807 -0.0150268
0.45 0.35 0.35 5.28362 2.33699 0.0021171 0.0021171
0.45 0.35 0.45 5.27758 2.55008 0.00290147 0.00302546
0.45 0.35 0.55 5.27757 2.55007 0.00289773 -0.00298897
0.45 0.35 0.65 5.28356 2.33697 0.00210589 -0.0020831
0.45 0.35 0.75 5.28173 1.86611 0.00149959 0.0150554
0.45 0.35 0.85 5.25345 1.07892 0.00238853 0.0395958
0.45 0.35 0.95 5.20254 -0.00633336 0.00472848 0.0254556
0.45 0.45 0.05 5.19673 0.020744 0.00298336 -0.0258623
0.45 0.45 0.15 5.24845 1.18785 0.00256873 -0.0399488
0.45 0.45 0.25 5.27662 2.03823 0.00260824 -0.0145665
0.45 0.45 0.35 5.27758 2.55008 0.00302546 0.00290147
0.45 0.45 0.45 5.27082 2.78292 0.00338888 0.00338888
0.45 0.45 0.55 5.27081 2.78292 0.0033855 -0.00335965
0.45 0.45 0.65 5.27754 2.55007 0.00301543 -0.00287452
0.45 0.45 0.75 5.27656 2.03821 0.00259198 0.0145887
0.45 0.45 0.85 5.24836 1.18783 0.00254735 0.0399636
0.45 0.45 0.95 5.19663 0.0207196 0.00295897 0.0258675
0.45 0.55 0.05 5.1967 0.020735 -0.00292826 -0.0258633
0.45 0.55 0.15 5.24843 1.18784 -0.00251776 -0.0399515
0.45 0.55 0.25 5.2766 2.03822 -0.00256406 -0.0145701
0.45 0.55 0.35 5.27757 2.55007 -0.00298897 0.00289773
0.45 0.55 0.45 5.27081 2.78292 -0.00335965 0.0033855
0.45 0.55 0.55 5.27079 2.78292 -0.00336241 -0.00336241
0.45 0.55 0.65 5.27753 2.55007 -0.00299713 -0.00287661
0.45 0.55 0.75 5.27655 2.03821 -0.00257713 0.0145873
0.45 0.55 0.85 5.24836 1.18783 -0.00253471 0.0399628
0.45 0.55 0.95 5.19662 0.0207189 -0.00294741 0.0258672
0.45 0.65 0.05 5.20258 -0.00632474 -0.00470396 -0.0254517
0.45 0.65 0.15 5.25349 1.07893 -0.00236457 -0.0395846
0.45 0.65 0.25 5.28175 1.86611 -0.00147638 -0.0150377
0.45 0.65 0.35 5.28356 2.33697 -0.0020831 0.00210589
0.45 0.65 0.45 5.27754 2.55007 -0.00287452 0.00301543
0.45 0.65 0.55 5.27753 2.55007 -0.00287661 -0.00299713
0.45 0.65 0.65 5.28353 2.33697 -0.00208924 -0.00208924
0.45 0.65 0.75 5.28171 1.8661 -0.00148613 0.0150511
0.45 0.65 0.85 5.25343 1.07892 -0.0023771 0.0395934
0.45 0.65 0.95 5.20252 -0.00633538 -0.00471803 0.0254548
0.45 0.75 0.05 5.20611 -0.0820258 0.00313128 -0.0235239
0.45 0.75 0.15 5.25315 0.828057 0.0101031 -0.0367239
0.45 0.75 0.25 5.27955 1.48111 0.0143061 -0.0142886
0.45 0.75 0.35 5.28173 1.86611 0.0150554 0.00149959
0.45 0.75 0.45 5.27656 2.03821 0.0145887 0.00259198
0.45 0.75 0.55 5.27655 2.03821 0.0145873 -0.00257713
0.45 0.75 0.65 5.28171 1.8661 0.0150511 -0.00148613
0.45 0.75 0.75 5.27952 1.48111 0.0142994 0.0142994
0.45 0.75 0.85 5.25311 0.828051 0.0100946 0.0367309
0.45 0.75 0.95 5.20606 -0.082033 0.00312178 0.0235263
0.45 0.85 0.05 5.19632 -0.23762 0.0158121 -0.0184799
0.45 0.85 0.15 5.23328 0.388623 0.0284206 -0.0284098
0.45 0.85 0.25 5.25314 0.828054 0.0367347 -0.0100855
0.45 0.85 0.35 5.25345 1.07892 0.0395958 0.00238853
0.45 0.85 0.45 5.24836 1.18783 0.0399636 0.00254735
0.45 0.85 0.55 5.24836 1.18783 0.0399628 -0.00253471
0.45 0.85 0.65 5.25343 1.07892 0.0395934 -0.0023771
0.45 0.85 0.75 5.25311 0.828051 0.0367309 0.0100946
0.45 0.85 0.85 5.23324 0.388619 0.0284157 0.0284157
0.45 0.85 0.95 5.19628 -0.237626 0.0158066 0.018482
0.45 0.95 0.05 5.17448 -0.477283 0.010919 -0.0109153
0.45 0.95 0.15 5.19631 -0.237622 0.0184836 -0.0158013
0.45 0.95 0.25 5.20609 -0.0820299 0.0235276 -0.00311347
0.45 0.95 0.35 5.20254 -0.00633336 0.0254556 0.00472848
0.45 0.95 0.45 5.19663 0.0207196 0.0258675 0.00295897
0.45 0.95 0.55 5.19662 0.0207189 0.0258672 -0.00294741
0.45 0.95 0.65 5.20252 -0.00633538 0.0254548 -0.00471803
0.45 0.95 0.75 5.20606 -0.082033 0.0235263 0.00312178
0.45 0.95 0.85 5.19628 -0.237626 0.018482 0.0158066
0.45 0.95 0.95 5.17445 -0.477287 0.0109172 0.0109172
0.55 0.05 0.05 5.73463 -0.477347 0.0109815 0.0109815
0.55 0.05 0.15 5.71267 -0.237669 0.018568 0.0159509
0.55 0.05 0.25 5.70273 -0.082082 0.0236333 0.00326755
0.55 0.05 0.35 5.70614 -0.00639859 0.0255758 -0.00461368
0.55 0.05 0.45 5.71196 0.0206427 0.0259945 -0.0029018
0.55 0.05 0.55 5.71194 0.0206362 0.0259939 0.00294135
0.55 0.05 0.65 5.70608 -0.00641833 0.025574 0.0046508
0.55 0.05 0.75 5.70264 -0.0821151 0.0236303 -0.00323601
0.55 0.05 0.85 5.71255 -0.237715 0.0185637 -0.015929
0.55 0.05 0.95 5.7345 -0.477401 0.0109766 -0.0109736
0.55 0.15 0.05 5.71267 -0.237669 0.0159509 0.018568
0.55 0.15 0.15 5.67553 0.388638 0.0286028 0.0286028
0.55 0.15 0.25 5.65547 0.828094 0.0369611 0.0102754
0.55 0.15 0.35 5.65498 1.07896 0.0398528 -0.00225249
0.55 0.15 0.45 5.65997 1.18787 0.0402352 -0.0024837
0.55 0.15 0.55 5.65995 1.18786 0.0402336 0.0025208
0.55 0.15 0.65 5.65493 1.07895 0.0398478 0.00228714
0.55 0.15 0.75 5.65538 0.828064 0.0369528 -0.0102463
0.55 0.15 0.85 5.67542 0.388598 0.0285916 -0.0285828
0.55 0.15 0.95 5.71254 -0.237716 0.0159379 -0.0185607
0.55 0.25 0.05 5.70273 -0.082082 0.00326755 0.0236333
0.55 0.25 0.15 5.65547 0.828094 0.0102754 0.0369611
0.55 0.25 0.25 5.62881 1.48119 0.0145176 0.0145176
0.55 0.25 0.35 5.62643 1.8662 0.0152952 -0.00133953
0.55 0.25 0.45 5.63149 2.03831 0.0148424 -0.00252099
0.55 0.25 0.55 5.63147 2.0383 0.0148401 0.0025539
0.55 0.25 0.65 5.62638 1.86618 0.0152883 0.00137005
0.55 0.25 0.75 5.62873 1.48117 0.0145064 -0.0144922
0.55 0.25 0.85 5.65537 0.828062 0.0102605 -0.036944
0.55 0.25 0.95 5.70262 -0.0821186 0.00325042 -0.0236273
0.55 0.35 0.05 5.70614 -0.00639859 -0.00461368 0.0255758
0.55 0.35 0.15 5.65498 1.07896 -0.00225249 0.0398528
0.55 0.35 0.25 5.62643 1.8662 -0.00133953 0.0152952
0.55 0.35 0.35 5.62439 2.33708 -0.00192764 -0.00192764
0.55 0.35 0.45 5.63029 2.55018 -0.00270965 -0.00293876
0.55 0.35 0.55 5.63027 2.55018 -0.00271213 0.00296672
0.55 0.35 0.65 5.62435 2.33707 -0.00193499 0.00195338
0.55 0.35 0.75 5.62636 1.86618 -0.00135141 -0.015274
0.55 0.35 0.85 5.6549 1.07894 -0.00226807 -0.0398387
0.55 0.35 0.95 5.70604 -0.00642562 -0.00463141 -0.0255709
0.55 0.45 0.05 5.71196 0.0206427 -0.0029018 0.0259945
0.55 0.45 0.15 5.65997 1.18787 -0.0024837 0.0402352
0.55 0.45 0.25 5.63149 2.03831 -0.00252099 0.0148424
0.55 0.45 0.35 5.63029 2.55018 -0.00293876 -0.00270965
0.55 0.45 0.45 5.63691 2.78303 -0.00330548 -0.00330548
0.55 0.45 0.55 5.6369 2.78303 -0.00330781 0.00332857
0.55 0.45 0.65 5.63025 2.55017 -0.00294561 0.00273077
0.55 0.45 0.75 5.63143 2.03829 -0.00253196 -0.0148253
0.55 0.45 0.85 5.6599 1.18785 -0.00249792 -0.040224
0.55 0.45 0.95 5.71188 0.0206235 -0.00291785 -0.0259906
0.55 0.55 0.05 5.71194 0.0206362 0.00294135 0.0259939
0.55 0.55 0.15 5.65995 1.18786 0.0025208 0.0402336
0.55 0.55 0.25 5.63147 2.0383 0.0025539 0.0148401
0.55 0.55 0.35 5.63027 2.55018 0.00296672 -0.00271213
0.55 0.55 0.45 5.6369 2.78303 0.00332857 -0.00330781
0.55 0.55 0.55 5.63689 2.78303 0.00332659 0.00332659
0.55 0.55 0.65 5.63024 2.55017 0.00296092 0.00272923
0.55 0.55 0.75 5.63143 2.03829 0.0025447 -0.0148263
0.55 0.55 0.85 5.6599 1.18785 0.00250898 -0.0402246
0.55 0.55 0.95 5.71188 0.0206229 0.00292807 -0.0259908
0.55 0.65 0.05 5.70608 -0.00641833 0.0046508 0.025574
0.55 0.65 0.15 5.65493 1.07895 0.00228714 0.0398478
0.55 0.65 0.25 5.62638 1.86618 0.00137005 0.0152883
0.55 0.65 0.35 5.62435 2.33707 0.00195338 -0.00193499
0.55 0.65 0.45 5.63025 2.55017 0.00273077 -0.00294561
0.55 0.65 0.55 5.63024 2.55017 0.00272923 0.00296092
0.55 0.65 0.65 5.62433 2.33707 0.00194888 0.00194888
0.55 0.65 0.75 5.62635 1.86618 0.00136294 -0.0152772
0.55 0.65 0.85 5.65488 1.07894 0.00227806 -0.0398406
0.55 0.65 0.95 5.70603 -0.00642751 0.00464064 -0.0255715
0.55 0.75 0.05 5.70264 -0.0821151 -0.00323601 0.0236303
0.55 0.75 0.15 5.65538 0.828064 -0.0102463 0.0369528
0.55 0.75 0.25 5.62873 1.48117 -0.0144922 0.0145064
0.55 0.75 0.35 5.62636 1.86618 -0.015274 -0.00135141
0.55 0.75 0.45 5.63143 2.03829 -0.0148253 -0.00253196
0.55 0.75 0.55 5.63143 2.03829 -0.0148263 0.0025447
0.55 0.75 0.65 5.62635 1.86618 -0.0152772 0.00136294
0.55 0.75 0.75 5.6287 1.48116 -0.0144972 -0.0144972
0.55 0.75 0.85 5.65534 0.828058 -0.0102526 -0.0369469
0.55 0.75 0.95 5.7026 -0.0821216 -0.00324308 -0.0236282
0.55 0.85 0.05 5.71255 -0.237715 -0.015929 0.0185637
0.55 0.85 0.15 5.67542 0.388598 -0.0285828 0.0285916
0.55 0.85 0.25 5.65537 0.828062 -0.036944 0.0102605
0.55 0.85 0.35 5.6549 1.07894 -0.0398387 -0.00226807
0.55 0.85 0.45 5.6599 1.18785 -0.040224 -0.00249792
0.55 0.85 0.55 5.6599 1.18785 -0.0402246 0.00250898
0.55 0.85 0.65 5.65488 1.07894 -0.0398406 0.00227806
0.55 0.85 0.75 5.65534 0.828058 -0.0369469 -0.0102526
0.55 0.85 0.85 5.67539 0.388594 -0.0285865 -0.0285865
0.55 0.85 0.95 5.71251 -0.23772 -0.0159332 -0.018562
0.55 0.95 0.05 5.7345 -0.477401 -0.0109736 0.0109766
0.55 0.95 0.15 5.71254 -0.237716 -0.0185607 0.0159379
0.55 0.95 0.25 5.70262 -0.0821186 -0.0236273 0.00325042
0.55 0.95 0.35 5.70604 -0.00642562 -0.0255709 -0.00463141
0.55 0.95 0.45 5.71188 0.0206235 -0.0259906 -0.00291785
0.55 0.95 0.55 5.71188 0.0206229 -0.0259908 0.00292807
0.55 0.95 0.65 5.70603 -0.00642751 -0.0255715 0.00464064
0.55 0.95 0.75 5.7026 -0.0821216 -0.0236282 -0.00324308
0.55 0.95 0.85 5.71251 -0.23772 -0.018562 -0.0159332
0.55 0.95 0.95 5.73446 -0.477405 -0.0109749 -0.0109749
0.65 0.05 0.05 6.36168 -0.552684 0.026686 0.026686
0.65 0.05 0.15 6.30831 -0.273735 0.0472682 0.0296103
0.65 0.05 0.25 6.30246 -0.13925 0.0585763 -0.0125242
0.65 0.05 0.35 6.33336 -0.093321 0.0612902 -0.0296335
0.65 0.05 0.45 6.36173 -0.0834636 0.0609947 -0.0141777
0.65 0.05 0.55 6.36171 -0.0834681 0.0609943 0.0142065
0.65 0.05 0.65 6.33331 -0.0933342 0.0612891 0.0296601
0.65 0.05 0.75 6.30239 -0.139272 0.0585744 0.0125461
0.65 0.05 0.85 6.30822 -0.273763 0.0472659 -0.0295956
0.65 0.05 0.95 6.36158 -0.552717 0.0266833 -0.0266808
0.65 0.15 0.05 6.30831 -0.273735 0.0296103 0.0472682
0.65 0.15 0.15 6.21377 0.471773 0.0615005 0.0615005
0.65 0.15 0.25 6.18531 0.914475 0.077834 0.00149775
0.65 0.15 0.35 6.21078 1.13753 0.0797865 -0.027215
0.65 0.15 0.45 6.23974 1.22701 0.0776079 -0.0144735
0.65 0.15 0.55 6.23972 1.227 0.0776068 0.0145009
0.65 0.15 0.65 6.21074 1.13752 0.0797834 0.0272402
0.65 0.15 0.75 6.18524 0.914456 0.0778291 -0.00147709
0.65 0.15 0.85 6.21369 0.471747 0.061494 -0.0614868
0.65 0.15 0.95 6.30822 -0.273764 0.0296029 -0.0472634
0.65 0.25 0.05 6.30246 -0.13925 -0.0125242 0.0585763
0.65 0.25 0.15 6.18531 0.914475 0.00149775 0.077834
0.65 0.25 0.25 6.14679 1.57097 0.00576178 0.00576178
0.65 0.25 0.35 6.17378 1.92119 0.00184311 -0.0298596
0.65 0.25 0.45 6.20651 2.06885 -0.00259168 -0.0163573
0.65 0.25 0.55 6.2065 2.06885 -0.00259314 0.0163821
0.65 0.25 0.65 6.17375 1.92118 0.00183878 0.0298823
0.65 0.25 0.75 6.14673 1.57096 0.00575483 -0.00574328
0.65 0.25 0.85 6.18523 0.914454 0.0014887 -0.0778218
0.65 0.25 0.95 6.30238 -0.139275 -0.0125344 -0.058572
0.65 0.35 0.05 6.33336 -0.093321 -0.0296335 0.0612902
0.65 0.35 0.15 6.21078 1.13753 -0.027215 0.0797865
0.65 0.35 0.25 6.17378 1.92119 -0.0298596 0.00184311
0.65 0.35 0.35 6.20709 2.34953 -0.0355685 -0.0355685
0.65 0.35 0.45 6.24492 2.53367 -0.0398618 -0.0189098
0.65 0.35 0.55 6.24491 2.53367 -0.0398635 0.0189313
0.65 0.35 0.65 6.20706 2.34952 -0.0355733 0.0355882
0.65 0.35 0.75 6.17373 1.92118 -0.0298673 -0.00182717
0.65 0.35 0.85 6.21071 1.13752 -0.027225 -0.0797761
0.65 0.35 0.95 6.33328 -0.0933399 -0.0296446 -0.0612865
0.65 0.45 0.05 6.36173 -0.0834636 -0.0141777 0.0609947
0.65 0.45 0.15 6.23974 1.22701 -0.0144735 0.0776079
0.65 0.45 0.25 6.20651 2.06885 -0.0163573 -0.00259168
0.65 0.45 0.35 6.24492 2.53367 -0.0189098 -0.0398618
0.65 0.45 0.45 6.28623 2.73507 -0.0206523 -0.0206523
0.65 0.45 0.55 6.28622 2.73507 -0.0206539 0.0206706
0.65 0.45 0.65 6.24489 2.53366 -0.0189144 0.0398785
0.65 0.45 0.75 6.20647 2.06884 -0.0163647 0.00260508
0.65 0.45 0.85 6.23968 1.227 -0.014483 -0.0775991
0.65 0.45 0.95 6.36167 -0.0834777 -0.0141883 -0.0609916
0.65 0.55 0.05 6.36171 -0.0834681 0.0142065 0.0609943
0.65 0.55 0.15 6.23972 1.227 0.0145009 0.0776068
0.65 0.55 0.25 6.2065 2.06885 0.0163821 -0.00259314
0.65 0.55 0.35 6.24491 2.53367 0.0189313 -0.0398635
0.65 0.55 0.45 6.28622 2.73507 0.0206706 -0.0206539
0.65 0.55 0.55 6.28622 2.73507 0.0206692 0.0206692
0.65 0.55 0.65 6.24489 2.53366 0.0189273 0.0398773
0.65 0.55 0.75 6.20646 2.06884 0.0163756 0.00260427
0.65 0.55 0.85 6.23968 1.227 0.0144927 -0.0775996
0.65 0.55 0.95 6.36166 -0.0834782 0.0141973 -0.0609918
0.65 0.65 0.05 6.33331 -0.0933342 0.0296601 0.0612891
0.65 0.65 0.15 6.21074 1.13752 0.0272402 0.0797834
0.65 0.65 0.25 6.17375 1.92118 0.0298823 0.00183878
0.65 0.65 0.35 6.20706 2.34952 0.0355882 -0.0355733
0.65 0.65 0.45 6.24489 2.53366 0.0398785 -0.0189144
0.65 0.65 0.55 6.24489 2.53366 0.0398773 0.0189273
0.65 0.65 0.65 6.20704 2.34952 0.0355849 0.0355849
0.65 0.65 0.75 6.17372 1.92117 0.0298772 -0.00182952
0.65 0.65 0.85 6.2107 1.13751 0.0272337 -0.0797775
0.65 0.65 0.95 6.33327 -0.0933415 0.0296528 -0.061287
0.65 0.75 0.05 6.30239 -0.139272 0.0125461 0.0585744
0.65 0.75 0.15 6.18524 0.914456 -0.00147709 0.0778291
0.65 0.75 0.25 6.14673 1.57096 -0.00574328 0.00575483
0.65 0.75 0.35 6.17373 1.92118 -0.00182717 -0.0298673
0.65 0.75 0.45 6.20647 2.06884 0.00260508 -0.0163647
0.65 0.75 0.55 6.20646 2.06884 0.00260427 0.0163756
0.65 0.75 0.65 6.17372 1.92117 -0.00182952 0.0298772
0.65 0.75 0.75 6.14671 1.57095 -0.00574697 -0.00574697
0.65 0.75 0.85 6.18521 0.914451 -0.00148176 -0.077824
0.65 0.75 0.95 6.30236 -0.139277 0.0125409 -0.0585727
0.65 0.85 0.05 6.30822 -0.273763 -0.0295956 0.0472659
0.65 0.85 0.15 6.21369 0.471747 -0.0614868 0.061494
0.65 0.85 0.25 6.18523 0.914454 -0.0778218 0.0014887
0.65 0.85 0.35 6.21071 1.13752 -0.0797761 -0.027225
0.65 0.85 0.45 6.23968 1.227 -0.0775991 -0.014483
0.65 0.85 0.55 6.23968 1.227 -0.0775996 0.0144927
0.65 0.85 0.65 6.2107 1.13751 -0.0797775 0.0272337
0.65 0.85 0.75 6.18521 0.914451 -0.077824 -0.00148176
0.65 0.85 0.85 6.21366 0.471743 -0.0614896 -0.0614896
0.65 0.85 0.95 6.30819 -0.273767 -0.0295988 -0.0472643
0.65 0.95 0.05 6.36158 -0.552717 -0.0266808 0.0266833
0.65 0.95 0.15 6.30822 -0.273764 -0.0472634 0.0296029
0.65 0.95 0.25 6.30238 -0.139275 -0.058572 -0.0125344
0.65 0.95 0.35 6.33328 -0.0933399 -0.0612865 -0.0296446
0.65 0.95 0.45 6.36167 -0.0834777 -0.0609916 -0.0141883
0.65 0.95 0.55 6.36166 -0.0834782 -0.0609918 0.0141973
0.65 0.95 0.65 6.33327 -0.0933415 -0.061287 0.0296528
0.65 0.95 0.75 6.30236 -0.139277 -0.0585727 0.0125409
0.65 0.95 0.85 6.30819 -0.273767 -0.0472643 -0.0295988
0.65 0.95 0.95 6.36155 -0.552721 -0.0266819 -0.0266819
0.75 0.05 0.05 7.19551 -0.638107 0.016024 0.016024
0.75 0.05 0.15 7.16346 -0.280244 0.0375054 -0.0224575
0.75 0.05 0.25 7.24042 -0.199626 0.040466 -0.0972603
0.75 0.05 0.35 7.35798 -0.209 0.0341597 -0.098595
0.75 0.05 0.45 7.43761 -0.227192 0.0287164 -0.0398107
0.75 0.05 0.55 7.4376 -0.227195 0.0287161 0.0398325
0.75 0.05 0.65 7.35795 -0.209008 0.0341589 0.0986149
0.75 0.05 0.75 7.24037 -0.199639 0.0404649 0.0972764
0.75 0.05 0.85 7.1634 -0.280261 0.037504 0.0224681
0.75 0.05 0.95 7.19544 -0.638127 0.0160224 -0.0160204
0.75 0.15 0.05 7.16346 -0.280244 -0.0224575 0.0375054
0.75 0.15 0.15 7.08845 0.683894 0.00198448 0.00198448
0.75 0.15 0.25 7.15949 1.09507 -0.00381354 -0.100606
0.75 0.15 0.35 7.28966 1.2535 -0.0229362 -0.110345
0.75 0.15 0.45 7.38018 1.30593 -0.0368645 -0.0452542
0.75 0.15 0.55 7.38017 1.30593 -0.0368652 0.0452751
0.75 0.15 0.65 7.28963 1.25349 -0.0229382 0.110364
0.75 0.15 0.75 7.15944 1.09505 -0.00381664 0.100621
0.75 0.15 0.85 7.08839 0.683878 0.00198048 -0.00197442
0.75 0.15 0.95 7.16339 -0.280262 -0.022462 -0.0375019
0.75 0.25 0.05 7.24042 -0.199626 -0.0972603 0.040466
0.75 0.25 0.15 7.15949 1.09507 -0.100606 -0.00381354
0.75 0.25 0.25 7.24805 1.70372 -0.122181 -0.122181
0.75 0.25 0.35 7.40385 1.96903 -0.148175 -0.131646
0.75 0.25 0.45 7.51134 2.06803 -0.164649 -0.0537396
0.75 0.25 0.55 7.51133 2.06803 -0.16465 0.0537588
0.75 0.25 0.65 7.40382 1.96902 -0.148178 0.131663
0.75 0.25 0.75 7.24801 1.70371 -0.122185 0.122195
0.75 0.25 0.85 7.15943 1.09505 -0.100612 0.00382271
0.75 0.25 0.95 7.24036 -0.199641 -0.0972667 -0.0404628
0.75 0.35 0.05 7.35798 -0.209 -0.098595 0.0341597
0.75 0.35 0.15 7.28966 1.2535 -0.110345 -0.0229362
0.75 0.35 0.25 7.40385 1.96903 -0.131646 -0.148175
0.75 0.35 0.35 7.58601 2.29536 -0.152813 -0.152813
0.75 0.35 0.45 7.70948 2.42182 -0.165497 -0.0617293
0.75 0.35 0.55 7.70947 2.42182 -0.165498 0.0617464
0.75 0.35 0.65 7.58599 2.29536 -0.152816 0.152828
0.75 0.35 0.75 7.40381 1.96902 -0.131651 0.148187
0.75 0.35 0.85 7.28961 1.25349 -0.110351 0.0229443
0.75 0.35 0.95 7.35793 -0.209012 -0.0986023 -0.0341568
0.75 0.45 0.05 7.43761 -0.227192 -0.0398107 0.0287164
0.75 0.45 0.15 7.38018 1.30593 -0.0452542 -0.0368645
0.75 0.45 0.25 7.51134 2.06803 -0.0537396 -0.164649
0.75 0.45 0.35 7.70948 2.42182 -0.0617293 -0.165497
0.75 0.45 0.45 7.84234 2.56088 -0.0664251 -0.0664251
0.75 0.45 0.55 7.84233 2.56088 -0.0664262 0.0664399
0.75 0.45 0.65 7.70946 2.42181 -0.0617325 0.16551
0.75 0.45 0.75 7.51131 2.06803 -0.0537447 0.16466
0.75 0.45 0.85 7.38014 1.30592 -0.0452607 0.0368715
0.75 0.45 0.95 7.43757 -0.227201 -0.0398179 -0.028714
0.75 0.55 0.05 7.4376 -0.227195 0.0398325 0.0287161
0.75 0.55 0.15 7.38017 1.30593 0.0452751 -0.0368652
0.75 0.55 0.25 7.51133 2.06803 0.0537588 -0.16465
0.75 0.55 0.35 7.70947 2.42182 0.0617464 -0.165498
0.75 0.55 0.45 7.84233 2.56088 0.0664399 -0.0664262
0.75 0.55 0.55 7.84232 2.56088 0.0664389 0.0664389
0.75 0.55 0.65 7.70945 2.42181 0.0617434 0.16551
0.75 0.55 0.75 7.5113 2.06803 0.0537542 0.164659
0.75 0.55 0.85 7.38013 1.30592 0.0452692 0.0368711
0.75 0.55 0.95 7.43756 -0.227202 0.039826 -0.0287141
0.75 0.65 0.05 7.35795 -0.209008 0.0986149 0.0341589
0.75 0.65 0.15 7.28963 1.25349 0.110364 -0.0229382
0.75 0.65 0.25 7.40382 1.96902 0.131663 -0.148178
0.75 0.65 0.35 7.58599 2.29536 0.152828 -0.152816
0.75 0.65 0.45 7.70946 2.42181 0.16551 -0.0617325
0.75 0.65 0.55 7.70945 2.42181 0.16551 0.0617434
0.75 0.65 0.65 7.58597 2.29535 0.152826 0.152826
0.75 0.65 0.75 7.4038 1.96902 0.13166 0.148185
0.75 0.65 0.85 7.2896 1.25349 0.110359 0.0229433
0.75 0.65 0.95 7.35791 -0.209013 0.0986096 -0.0341572
0.75 0.75 0.05 7.24037 -0.199639 0.0972764 0.0404649
0.75 0.75 0.15 7.15944 1.09505 0.100621 -0.00381664
0.75 0.75 0.25 7.24801 1.70371 0.122195 -0.122185
0.75 0.75 0.35 7.40381 1.96902 0.148187 -0.131651
0.75 0.75 0.45 7.51131 2.06803 0.16466 -0.0537447
0.75 0.75 0.55 7.5113 2.06803 0.164659 0.0537542
0.75 0.75 0.65 7.4038 1.96902 0.148185 0.13166
0.75 0.75 0.75 7.24798 1.70371 0.122192 0.122192
0.75 0.75 0.85 7.15941 1.09505 0.100618 0.00382103
0.75 0.75 0.95 7.24034 -0.199643 0.0972725 -0.0404634
0.75 0.85 0.05 7.1634 -0.280261 0.0224681 0.037504
0.75 0.85 0.15 7.08839 0.683878 -0.00197442 0.00198048
0.75 0.85 0.25 7.15943 1.09505 0.00382271 -0.100612
0.75 0.85 0.35 7.28961 1.25349 0.0229443 -0.110351
0.75 0.85 0.45 7.38014 1.30592 0.0368715 -0.0452607
0.75 0.85 0.55 7.38013 1.30592 0.0368711 0.0452692
0.75 0.85 0.65 7.2896 1.25349 0.0229433 0.110359
0.75 0.85 0.75 7.15941 1.09505 0.00382103 0.100618
0.75 0.85 0.85 7.08836 0.683875 -0.00197654 -0.00197654
0.75 0.85 0.95 7.16337 -0.280264 0.0224657 -0.0375026
0.75 0.95 0.05 7.19544 -0.638127 -0.0160204 0.0160224
0.75 0.95 0.15 7.16339 -0.280262 -0.0375019 -0.022462
0.75 0.95 0.25 7.24036 -0.199641 -0.0404628 -0.0972667
0.75 0.95 0.35 7.35793 -0.209012 -0.0341568 -0.0986023
0.75 0.95 0.45 7.43757 -0.227201 -0.028714 -0.0398179
0.75 0.95 0.55 7.43756 -0.227202 -0.0287141 0.039826
0.75 0.95 0.65 7.35791 -0.209013 -0.0341572 0.0986096
0.75 0.95 0.75 7.24034 -0.199643 -0.0404634 0.0972725
0.75 0.95 0.85 7.16337 -0.280264 -0.0375026 0.0224657
0.75 0.95 0.95 7.19541 -0.638129 -0.0160211 -0.0160211
0.85 0.05 0.05 8.44656 -0.52327 -0.0734436 -0.0734436
0.85 0.05 0.15 8.59344 -0.0935358 -0.0923344 -0.224264
0.85 0.05 0.25 8.89508 -0.101476 -0.128244 -0.291717
0.85 0.05 0.35 9.17688 -0.163736 -0.158554 -0.22163
0.85 0.05 0.45 9.33834 -0.201785 -0.174685 -0.0807281
0.85 0.05 0.55 9.33834 -0.201786 -0.174685 0.0807457
0.85 0.05 0.65 9.17685 -0.16374 -0.158555 0.221646
0.85 0.05 0.75 8.89504 -0.101483 -0.128245 0.29173
0.85 0.05 0.85 8.59339 -0.0935453 -0.0923354 0.224272
0.85 0.05 0.95 8.4465 -0.523281 -0.0734447 0.0734465
0.85 0.15 0.05 8.59344 -0.0935358 -0.224264 -0.0923344
0.85 0.15 0.15 8.77811 1.01873 -0.279064 -0.279064
0.85 0.15 0.25 9.15157 1.29933 -0.361963 -0.357937
0.85 0.15 0.35 9.49399 1.36365 -0.430172 -0.268071
0.85 0.15 0.45 9.68771 1.37523 -0.466506 -0.0968592
0.85 0.15 0.55 9.68771 1.37523 -0.466506 0.0968762
0.85 0.15 0.65 9.49396 1.36364 -0.430174 0.268086
0.85 0.15 0.75 9.15153 1.29932 -0.361965 0.357949
0.85 0.15 0.85 8.77806 1.01873 -0.279067 0.279072
0.85 0.15 0.95 8.59339 -0.0935456 -0.224267 0.0923372
0.85 0.25 0.05 8.89508 -0.101476 -0.291717 -0.128244
0.85 0.25 0.15 9.15157 1.29933 -0.357937 -0.361963
0.85 0.25 0.25 9.61901 1.72174 -0.442826 -0.442826
0.85 0.25 0.35 10.0372 1.85496 -0.511386 -0.326173
0.85 0.25 0.45 10.2714 1.89515 -0.548097 -0.117062
0.85 0.25 0.55 10.2713 1.89515 -0.548097 0.117078
0.85 0.25 0.65 10.0372 1.85496 -0.511388 0.326187
0.85 0.25 0.75 9.61897 1.72173 -0.442829 0.442837
0.85 0.25 0.85 9.15153 1.29932 -0.357941 0.36197
0.85 0.25 0.95 8.89503 -0.101484 -0.291722 0.128247
0.85 0.35 0.05 9.17688 -0.163736 -0.22163 -0.158554
0.85 0.35 0.15 9.49399 1.36365 -0.268071 -0.430172
0.85 0.35 0.25 10.0372 1.85496 -0.326173 -0.511386
0.85 0.35 0.35 10.5168 2.02428 -0.373342 -0.373342
0.85 0.35 0.45 10.7839 2.08012 -0.398815 -0.13357
0.85 0.35 0.55 10.7839 2.08012 -0.398816 0.133585
0.85 0.35 0.65 10.5167 2.02428 -0.373344 0.373355
0.85 0.35 0.75 10.0372 1.85496 -0.326177 0.511396
0.85 0.35 0.85 9.49395 1.36364 -0.268076 0.430179
0.85 0.35 0.95 9.17683 -0.163743 -0.221635 0.158556
0.85 0.45 0.05 9.33834 -0.201785 -0.0807281 -0.174685
0.85 0.45 0.15 9.68771 1.37523 -0.0968592 -0.466506
0.85 0.45 0.25 10.2714 1.89515 -0.117062 -0.548097
0.85 0.45 0.35 10.7839 2.08012 -0.13357 -0.398815
0.85 0.45 0.45 11.069 2.14292 -0.142536 -0.142536
0.85 0.45 0.55 11.069 2.14292 -0.142537 0.142549
0.85 0.45 0.65 10.7839 2.08012 -0.133573 0.398827
0.85 0.45 0.75 10.2713 1.89515 -0.117066 0.548106
0.85 0.45 0.85 9.68768 1.37522 -0.096864 0.466512
0.85 0.45 0.95 9.3383 -0.20179 -0.0807334 0.174687
0.85 0.55 0.05 9.33834 -0.201786 0.0807457 -0.174685
0.85 0.55 0.15 9.68771 1.37523 0.0968762 -0.466506
0.85 0.55 0.25 10.2713 1.89515 0.117078 -0.548097
0.85 0.55 0.35 10.7839 2.08012 0.133585 -0.398816
0.85 0.55 0.45 11.069 2.14292 0.142549 -0.142537
0.85 0.55 0.55 11.069 2.14292 0.142548 0.142548
0.85 0.55 0.65 10.7839 2.08012 0.133582 0.398826
0.85 0.55 0.75 10.2713 1.89515 0.117074 0.548105
0.85 0.55 0.85 9.68767 1.37522 0.0968718 0.466511
0.85 0.55 0.95 9.3383 -0.201791 0.0807408 0.174687
0.85 0.65 0.05 9.17685 -0.16374 0.221646 -0.158555
0.85 0.65 0.15 9.49396 1.36364 0.268086 -0.430174
0.85 0.65 0.25 10.0372 1.85496 0.326187 -0.511388
0.85 0.65 0.35 10.5167 2.02428 0.373355 -0.373344
0.85 0.65 0.45 10.7839 2.08012 0.398827 -0.133573
0.85 0.65 0.55 10.7839 2.08012 0.398826 0.133582
0.85 0.65 0.65 10.5167 2.02428 0.373353 0.373353
0.85 0.65 0.75 10.0372 1.85495 0.326185 0.511395
0.85 0.65 0.85 9.49393 1.36364 0.268083 0.430178
0.85 0.65 0.95 9.17682 -0.163743 0.221642 0.158556
0.85 0.75 0.05 8.89504 -0.101483 0.29173 -0.128245
0.85 0.75 0.15 9.15153 1.29932 0.357949 -0.361965
0.85 0.75 0.25 9.61897 1.72173 0.442837 -0.442829
0.85 0.75 0.35 10.0372 1.85496 0.511396 -0.326177
0.85 0.75 0.45 10.2713 1.89515 0.548106 -0.117066
0.85 0.75 0.55 10.2713 1.89515 0.548105 0.117074
0.85 0.75 0.65 10.0372 1.85495 0.511395 0.326185
0.85 0.75 0.75 9.61895 1.72173 0.442835 0.442835
0.85 0.75 0.85 9.15151 1.29932 0.357947 0.361969
0.85 0.75 0.95 8.89502 -0.101485 0.291727 0.128246
0.85 0.85 0.05 8.59339 -0.0935453 0.224272 -0.0923354
0.85 0.85 0.15 8.77806 1.01873 0.279072 -0.279067
0.85 0.85 0.25 9.15153 1.29932 0.36197 -0.357941
0.85 0.85 0.35 9.49395 1.36364 0.430179 -0.268076
0.85 0.85 0.45 9.68768 1.37522 0.466512 -0.096864
0.85 0.85 0.55 9.68767 1.37522 0.466511 0.0968718
0.85 0.85 0.65 9.49393 1.36364 0.430178 0.268083
0.85 0.85 0.75 9.15151 1.29932 0.361969 0.357947
0.85 0.85 0.85 8.77804 1.01872 0.27907 0.27907
0.85 0.85 0.95 8.59337 -0.0935471 0.22427 0.0923366
0.85 0.95 0.05 8.4465 -0.523281 0.0734465 -0.0734447
0.85 0.95 0.15 8.59339 -0.0935456 0.0923372 -0.224267
0.85 0.95 0.25 8.89503 -0.101484 0.128247 -0.291722
0.85 0.95 0.35 9.17683 -0.163743 0.158556 -0.221635
0.85 0.95 0.45 9.3383 -0.20179 0.174687 -0.0807334
0.85 0.95 0.55 9.3383 -0.201791 0.174687 0.0807408
0.85 0.95 0.65 9.17682 -0.163743 0.158556 0.221642
0.85 0.95 0.75 8.89502 -0.101485 0.128246 0.291727
0.85 0.95 0.85 8.59337 -0.0935471 0.0923366 0.22427
0.85 0.95 0.95 8.44648 -0.523282 0.0734458 0.0734458
0.95 0.05 0.05 10.9146 0.311808 -0.344096 -0.344096
0.95 0.05 0.15 11.6028 0.538087 -0.480846 -0.669261
0.95 0.05 0.25 12.2532 0.508422 -0.584648 -0.55726
0.95 0.05 0.35 12.7174 0.467326 -0.645585 -0.351281
0.95 0.05 0.45 12.9557 0.446081 -0.67311 -0.119181
0.95 0.05 0.55 12.9557 0.44608 -0.67311 0.119197
0.95 0.05 0.65 12.7173 0.467325 -0.645586 0.351295
0.95 0.05 0.75 12.2531 0.50842 -0.584648 0.557272
0.95 0.05 0.85 11.6028 0.538084 -0.480847 0.669268
0.95 0.05 0.95 10.9146 0.311805 -0.344097 0.344099
0.95 0.15 0.05 11.6028 0.538087 -0.669261 -0.480846
0.95 0.15 0.15 12.5645 1.10376 -0.909812 -0.909812
0.95 0.15 0.25 13.4225 1.19464 -1.11059 -0.722
0.95 0.15 0.35 14.0085 1.20118 -1.23631 -0.439743
0.95 0.15 0.45 14.3019 1.19775 -1.29519 -0.146706
0.95 0.15 0.55 14.3019 1.19775 -1.29519 0.146721
0.95 0.15 0.65 14.0085 1.20118 -1.23631 0.439757
0.95 0.15 0.75 13.4224 1.19464 -1.11059 0.72201
0.95 0.15 0.85 12.5645 1.10376 -0.909815 0.909819
0.95 0.15 0.95 11.6028 0.538084 -0.669263 0.480849
0.95 0.25 0.05 12.2532 0.508422 -0.55726 -0.584648
0.95 0.25 0.15 13.4225 1.19464 -0.722 -1.11059
0.95 0.25 0.25 14.4743 1.33626 -0.883761 -0.883761
0.95 0.25 0.35 15.19 1.36553 -0.995681 -0.535876
0.95 0.25 0.45 15.5461 1.37127 -1.05095 -0.178056
0.95 0.25 0.55 15.5461 1.37127 -1.05095 0.17807
0.95 0.25 0.65 15.19 1.36553 -0.995682 0.535889
0.95 0.25 0.75 14.4743 1.33626 -0.883764 0.883771
0.95 0.25 0.85 13.4224 1.19464 -0.722003 1.1106
0.95 0.25 0.95 12.2531 0.50842 -0.557264 0.58465
0.95 0.35 0.05 12.7174 0.467326 -0.351281 -0.645585
0.95 0.35 0.15 14.0085 1.20118 -0.439743 -1.23631
0.95 0.35 0.25 15.19 1.36553 -0.535876 -0.995681
0.95 0.35 0.35 15.9999 1.40595 -0.606934 -0.606934
0.95 0.35 0.45 16.4038 1.4164 -0.64333 -0.201978
0.95 0.35 0.55 16.4038 1.4164 -0.64333 0.201991
0.95 0.35 0.65 15.9999 1.40594 -0.606936 0.606946
0.95 0.35 0.75 15.19 1.36553 -0.535879 0.99569
0.95 0.35 0.85 14.0085 1.20118 -0.439747 1.23632
0.95 0.35 0.95 12.7173 0.467324 -0.351285 0.645587
0.95 0.45 0.05 12.9557 0.446081 -0.119181 -0.67311
0.95 0.45 0.15 14.3019 1.19775 -0.146706 -1.29519
0.95 0.45 0.25 15.5461 1.37127 -0.178056 -1.05095
0.95 0.45 0.35 16.4038 1.4164 -0.201978 -0.64333
0.95 0.45 0.45 16.8328 1.42892 -0.214453 -0.214453
0.95 0.45 0.55 16.8328 1.42892 -0.214453 0.214464
0.95 0.45 0.65 16.4038 1.4164 -0.20198 0.64334
0.95 0.45 0.75 15.5461 1.37127 -0.178059 1.05096
0.95 0.45 0.85 14.3019 1.19775 -0.14671 1.29519
0.95 0.45 0.95 12.9557 0.446079 -0.119186 0.673112
0.95 0.55 0.05 12.9557 0.44608 0.119197 -0.67311
0.95 0.55 0.15 14.3019 1.19775 0.146721 -1.29519
0.95 0.55 0.25 15.5461 1.37127 0.17807 -1.05095
0.95 0.55 0.35 16.4038 1.4164 0.201991 -0.64333
0.95 0.55 0.45 16.8328 1.42892 0.214464 -0.214453
0.95 0.55 0.55 16.8327 1.42892 0.214463 0.214463
0.95 0.55 0.65 16.4038 1.4164 0.201989 0.64334
0.95 0.55 0.75 15.5461 1.37127 0.178067 1.05096
0.95 0.55 0.85 14.3019 1.19775 0.146717 1.29519
0.95 0.55 0.95 12.9557 0.446079 0.119193 0.673112
0.95 0.65 0.05 12.7173 0.467325 0.351295 -0.645586
0.95 0.65 0.15 14.0085 1.20118 0.439757 -1.23631
0.95 0.65 0.25 15.19 1.36553 0.535889 -0.995682
0.95 0.65 0.35 15.9999 1.40594 0.606946 -0.606936
0.95 0.65 0.45 16.4038 1.4164 0.64334 -0.20198
0.95 0.65 0.55 16.4038 1.4164 0.64334 0.201989
0.95 0.65 0.65 15.9999 1.40594 0.606944 0.606944
0.95 0.65 0.75 15.1899 1.36553 0.535887 0.995689
0.95 0.65 0.85 14.0085 1.20118 0.439754 1.23632
0.95 0.65 0.95 12.7173 0.467324 0.351292 0.645587
0.95 0.75 0.05 12.2531 0.50842 0.557272 -0.584648
0.95 0.75 0.15 13.4224 1.19464 0.72201 -1.11059
0.95 0.75 0.25 14.4743 1.33626 0.883771 -0.883764
0.95 0.75 0.35 15.19 1.36553 0.99569 -0.535879
0.95 0.75 0.45 15.5461 1.37127 1.05096 -0.178059
0.95 0.75 0.55 15.5461 1.37127 1.05096 0.178067
0.95 0.75 0.65 15.1899 1.36553 0.995689 0.535887
0.95 0.75 0.75 14.4743 1.33625 0.883769 0.883769
0.95 0.75 0.85 13.4224 1.19463 0.722008 1.1106
0.95 0.75 0.95 12.2531 0.508419 0.557269 0.58465
0.95 0.85 0.05 11.6028 0.538084 0.669268 -0.480847
0.95 0.85 0.15 12.5645 1.10376 0.909819 -0.909815
0.95 0.85 0.25 13.4224 1.19464 1.1106 -0.722003
0.95 0.85 0.35 14.0085 1.20118 1.23632 -0.439747
0.95 0.85 0.45 14.3019 1.19775 1.29519 -0.14671
0.95 0.85 0.55 14.3019 1.19775 1.29519 0.146717
0.95 0.85 0.65 14.0085 1.20118 1.23632 0.439754
0.95 0.85 0.75 13.4224 1.19463 1.1106 0.722008
0.95 0.85 0.85 12.5645 1.10376 0.909818 0.909818
0.95 0.85 0.95 11.6028 0.538083 0.669267 0.480848
0.95 0.95 0.05 10.9146 0.311805 0.344099 -0.344097
0.95 0.95 0.15 11.6028 0.538084 0.480849 -0.669263
0.95 0.95 0.25 12.2531 0.50842 0.58465 -0.557264
0.95 0.95 0.35 12.7173 0.467324 0.645587 -0.351285
0.95 0.95 0.45 12.9557 0.446079 0.673112 -0.119186
0.95 0.95 0.55 12.9557 0.446079 0.673112 0.119193
0.95 0.95 0.65 12.7173 0.467324 0.645587 0.351292
0.95 0.95 0.75 12.2531 0.508419 0.58465 0.557269
0.95 0.95 0.85 11.6028 0.538083 0.480848 0.669267
0.95 0.95 0.95 10.9146 0.311804 0.344098 0.344098
